       6700.0919      0.99397838
       6700.1868      0.99169648
       6700.2817      0.99823463
       6700.3766       1.0047017
       6700.4715      0.99611169
       6700.5664      0.99211419
       6700.6613      0.99945450
       6700.7562      0.99218816
       6700.8510       1.0013412
       6700.9459      0.98951089
       6701.0408       1.0040541
       6701.1357      0.99962866
       6701.2306      0.99940699
       6701.3255      0.98733425
       6701.4204      0.98934090
       6701.5153      0.98644143
       6701.6102      0.99809688
       6701.7051      0.99834371
       6701.8000       1.0015064
       6701.8948      0.99861199
       6701.9897      0.99435574
       6702.0846       1.0038385
       6702.1795      0.99502641
       6702.2744      0.99854106
       6702.3693       1.0059631
       6702.4642       1.0031717
       6702.5591      0.98645872
       6702.6540      0.99221700
       6702.7489      0.99753106
       6702.8438       1.0026309
       6702.9386      0.99474943
       6703.0335      0.99983215
       6703.1284      0.99777186
       6703.2233      0.99826497
       6703.3182      0.98446381
       6703.4131      0.95735699
       6703.5080      0.88276291
       6703.6029      0.84341335
       6703.6978      0.94549888
       6703.7927      0.98278749
       6703.8876      0.99539202
       6703.9824      0.99265951
       6704.0773      0.99829817
       6704.1722      0.99493867
       6704.2671      0.99814475
       6704.3620      0.99439293
       6704.4569      0.98151064
       6704.5518      0.99108756
       6704.6467      0.99964279
       6704.7416      0.99518317
       6704.8365      0.99436873
       6704.9314      0.96348238
       6705.0262      0.86001128
       6705.1211      0.80711263
       6705.2160      0.89877278
       6705.3109      0.98034430
       6705.4058      0.99178058
       6705.5007      0.99133909
       6705.5956      0.99157858
       6705.6905      0.99779040
       6705.7854       1.0077784
       6705.8803      0.99791479
       6705.9751      0.99542844
       6706.0700      0.99194360
       6706.1649      0.99193567
       6706.2598      0.99414361
       6706.3547      0.99477035
       6706.4496      0.99425960
       6706.5445       1.0020850
       6706.6394       1.0009056
       6706.7343      0.99282759
       6706.8292      0.99620390
       6706.9241      0.99349123
       6707.0189      0.99155325
       6707.1138      0.99575698
       6707.2087      0.99306858
       6707.3036      0.98662299
       6707.3985      0.97029757
       6707.4934      0.97767282
       6707.5883      0.97173524
       6707.6832      0.95104784
       6707.7781      0.91487741
       6707.8730      0.92757481
       6707.9679      0.95020825
       6708.0627      0.97390908
       6708.1576      0.99145418
       6708.2525      0.99746114
       6708.3474      0.98730856
       6708.4423       1.0012747
       6708.5372      0.99624133
       6708.6321      0.98794091
       6708.7270      0.98864150
       6708.8219      0.98363096
       6708.9168      0.98138475
       6709.0117      0.99005389
       6709.1065      0.98468643
       6709.2014      0.99019659
       6709.2963       1.0005645
       6709.3912      0.99130225
       6709.4861      0.99610811
       6709.5810      0.99656773
       6709.6759       1.0019530
       6709.7708       1.0022217
       6709.8657      0.98316127
       6709.9606      0.98929930
       6710.0555      0.98781085
       6710.1503      0.98875648
       6710.2452      0.96386421
       6710.3401      0.93368679
       6710.4350      0.97053945
       6710.5299      0.98375422
       6710.6248      0.99207169
       6710.7197      0.99794400
       6710.8146      0.99487823
       6710.9095      0.99223816
       6711.0044       1.0041161
       6711.0993      0.99576670
       6711.1941      0.99813926
       6711.2890      0.99617183
       6711.3839      0.99383444
       6711.4788      0.99902356
       6711.5737      0.99233496
       6711.6686      0.99159056
       6711.7635      0.98916817
       6711.8584      0.98764187
       6711.9533      0.98851746
       6712.0482      0.98719615
       6712.1431      0.99446702
       6712.2379      0.99148822
       6712.3328      0.99265599
       6712.4277      0.97878993
       6712.5226      0.98592085
       6712.6175      0.99270201
       6712.7124       1.0002519
       6712.8073       1.0035727
       6712.9022      0.97567183
       6712.9971      0.91046977
       6713.0920      0.87745786
       6713.1869      0.92040133
       6713.2817      0.96265721
       6713.3766      0.98634356
       6713.4715      0.99822211
       6713.5664      0.98595911
       6713.6613      0.93344492
       6713.7562      0.90838575
       6713.8511      0.94644737
       6713.9460      0.98426867
       6714.0409       1.0026805
       6714.1358       1.0001007
       6714.2307      0.99737877
       6714.3255      0.99567199
       6714.4204      0.99608707
       6714.5153       1.0012252
       6714.6102      0.99751168
       6714.7051      0.99543101
       6714.8000      0.99091107
       6714.8949      0.99291700
       6714.9898      0.99068344
       6715.0847      0.99827969
       6715.1796      0.99201769
       6715.2744      0.94328952
       6715.3693      0.88998437
       6715.4642      0.90532118
       6715.5591      0.96904147
       6715.6540      0.98849487
       6715.7489       1.0008982
       6715.8438       1.0006316
       6715.9387      0.99468482
       6716.0336      0.98790109
       6716.1285      0.95984626
       6716.2234      0.93337572
       6716.3182      0.94931996
       6716.4131      0.98663908
       6716.5080      0.98566103
       6716.6029       1.0065746
       6716.6978      0.98430663
       6716.7927      0.99496382
       6716.8876      0.99715602
       6716.9825       1.0004255
       6717.0774      0.99721742
       6717.1723      0.99298269
       6717.2672      0.98164392
       6717.3620      0.97448194
       6717.4569      0.90889603
       6717.5518      0.77365923
       6717.6467      0.61601377
       6717.7416      0.65088952
       6717.8365      0.83829528
       6717.9314      0.94717920
       6718.0263      0.98171014
       6718.1212      0.98372310
       6718.2161      0.99196589
       6718.3110      0.99635768
       6718.4058      0.98850256
       6718.5007      0.99191666
       6718.5956      0.99362069
       6718.6905      0.99646574
       6718.7854       1.0011688
       6718.8803      0.99776000
       6718.9752      0.99039441
       6719.0701      0.99645597
       6719.1650      0.99488318
       6719.2599      0.99430251
       6719.3548      0.98771131
       6719.4496      0.97626388
       6719.5445      0.95315272
       6719.6394      0.95573962
       6719.7343      0.96011829
       6719.8292      0.97274113
       6719.9241      0.98270816
