       6700.0626      0.99969965
       6700.1575      0.99453861
       6700.2524      0.99352330
       6700.3473      0.99028480
       6700.4422      0.99947011
       6700.5371       1.0000777
       6700.6320       1.0035444
       6700.7269      0.99327648
       6700.8218      0.99493206
       6700.9167      0.98834616
       6701.0116       1.0012611
       6701.1065      0.99688375
       6701.2014      0.99764895
       6701.2963      0.98974460
       6701.3912      0.99209458
       6701.4861      0.99212712
       6701.5810      0.99943513
       6701.6759      0.99515867
       6701.7708      0.99495816
       6701.8657       1.0000006
       6701.9606      0.99916852
       6702.0555       1.0016313
       6702.1503      0.99499500
       6702.2452       1.0051655
       6702.3401      0.99444085
       6702.4350      0.99922496
       6702.5299       1.0014577
       6702.6248       1.0007383
       6702.7197      0.99935955
       6702.8146      0.99880165
       6702.9095       1.0056597
       6703.0044      0.99365067
       6703.0993      0.99502736
       6703.1942      0.99111515
       6703.2891      0.99261272
       6703.3840      0.97026128
       6703.4789      0.92298138
       6703.5738      0.91301954
       6703.6687      0.93824685
       6703.7636      0.97514743
       6703.8585      0.97614062
       6703.9534      0.97377664
       6704.0483      0.98198742
       6704.1432      0.99642628
       6704.2381      0.99269295
       6704.3330      0.98798162
       6704.4278      0.98330975
       6704.5227      0.98717874
       6704.6176      0.98978555
       6704.7125      0.99668872
       6704.8074      0.98584956
       6704.9023      0.95755565
       6704.9972      0.89485043
       6705.0921      0.86886317
       6705.1870      0.91353291
       6705.2819      0.96517164
       6705.3768      0.98240709
       6705.4717      0.96503425
       6705.5666      0.97841734
       6705.6615      0.99691546
       6705.7564      0.99303651
       6705.8513       1.0020702
       6705.9462      0.99317002
       6706.0411      0.99048930
       6706.1360      0.99672842
       6706.2309      0.99511403
       6706.3258      0.98837715
       6706.4207       1.0016966
       6706.5156      0.99653268
       6706.6105       1.0005924
       6706.7053       1.0010852
       6706.8002       1.0053501
       6706.8951      0.99795210
       6706.9900      0.99749041
       6707.0849      0.99781668
       6707.1798       1.0011777
       6707.2747      0.99163353
       6707.3696      0.98470753
       6707.4645      0.98724037
       6707.5594      0.98842907
       6707.6543      0.99007714
       6707.7492      0.99200487
       6707.8441      0.98953879
       6707.9390      0.99207669
       6708.0339      0.99207610
       6708.1288      0.98926741
       6708.2237      0.98295176
       6708.3186      0.98574775
       6708.4135      0.99684358
       6708.5084      0.99550873
       6708.6033      0.99285597
       6708.6982      0.98363721
       6708.7931      0.98692459
       6708.8880      0.98132765
       6708.9828      0.98735774
       6709.0777      0.99420398
       6709.1726      0.99939054
       6709.2675      0.99385715
       6709.3624       1.0051904
       6709.4573      0.98835516
       6709.5522      0.99317485
       6709.6471      0.99687743
       6709.7420       1.0032872
       6709.8369      0.98713201
       6709.9318      0.99392474
       6710.0267      0.98778826
       6710.1216      0.99378049
       6710.2165      0.97103572
       6710.3114      0.97240794
       6710.4063      0.97719103
       6710.5012      0.99773186
       6710.5961      0.99209273
       6710.6910      0.98813713
       6710.7859      0.98571515
       6710.8808      0.99368733
       6710.9757      0.99765104
       6711.0706      0.99231762
       6711.1655       1.0004203
       6711.2603      0.98797685
       6711.3552      0.99862331
       6711.4501      0.99582976
       6711.5450      0.99293488
       6711.6399      0.98993134
       6711.7348      0.98403281
       6711.8297      0.98932183
       6711.9246      0.99589670
       6712.0195       1.0014430
       6712.1144      0.99898899
       6712.2093       1.0013865
       6712.3042      0.99006540
       6712.3991      0.98913270
       6712.4940      0.98711640
       6712.5889      0.99683267
       6712.6838      0.99001819
       6712.7787      0.99601805
       6712.8736      0.96909457
       6712.9685      0.93726408
       6713.0634      0.91972250
       6713.1583      0.94072020
       6713.2532      0.96938813
       6713.3481      0.98071128
       6713.4430      0.96391100
       6713.5378      0.97808033
       6713.6327      0.94176841
       6713.7276      0.93886423
       6713.8225      0.95581669
       6713.9174      0.98191005
       6714.0123      0.98690230
       6714.1072      0.98620594
       6714.2021      0.98853880
       6714.2970      0.99130285
       6714.3919      0.99568361
       6714.4868      0.99582946
       6714.5817       1.0037010
       6714.6766       1.0020397
       6714.7715      0.99815291
       6714.8664      0.99837673
       6714.9613      0.99678463
       6715.0562      0.99389875
       6715.1511      0.98693794
       6715.2460      0.95611012
       6715.3409      0.92778051
       6715.4358      0.94105732
       6715.5307      0.96983880
       6715.6256      0.98383498
       6715.7205      0.98176265
       6715.8153      0.98094982
       6715.9102      0.99339646
       6716.0051      0.98902190
       6716.1000      0.97265029
       6716.1949      0.95417905
       6716.2898      0.96015060
       6716.3847      0.97666675
       6716.4796      0.98912609
       6716.5745      0.98461872
       6716.6694      0.97883695
       6716.7643      0.99417192
       6716.8592      0.99119824
       6716.9541      0.99586731
       6717.0490      0.99045312
       6717.1439      0.99940276
       6717.2388      0.98099595
       6717.3337      0.96988982
       6717.4286      0.92342591
       6717.5235      0.82658380
       6717.6184      0.71038651
       6717.7133      0.71226341
       6717.8082      0.81613439
       6717.9031      0.90996099
       6717.9980      0.92897558
       6718.0928      0.93128884
       6718.1877      0.96347100
       6718.2826      0.98369396
       6718.3775      0.98658752
       6718.4724      0.99421912
       6718.5673      0.99284220
       6718.6622      0.98974937
       6718.7571      0.99398369
       6718.8520      0.99714476
       6718.9469      0.98933542
       6719.0418      0.99327010
       6719.1367      0.99362111
       6719.2316      0.99296337
       6719.3265      0.98648214
       6719.4214      0.97102875
       6719.5163      0.95805550
       6719.6112      0.94932443
       6719.7061      0.95580250
       6719.8010      0.97308403
       6719.8959      0.98045045
       6719.9908      0.97820884
